GC,GL1,GL2,GLinf,GMaxE,GMinE,LMaxL1,LMaxL2,LMaxLm,LMinL1,LMinL2,LMinLm,H12T,H1T,H12S,H1S
1.996154578636169e-17,0.0,0.0,0.0,0.0,0.0,0.0,0.0,0.0,0.0,0.0,0.0,0.0,0.0,0.0,0.0
-3.582657445237192e-18,0.02393318812611559,0.025590247095510076,0.039168921894878944,0.0,0.0,0.013894503966469404,0.0195832248082478,0.01956134091024946,-0.013891677275875145,0.019581044684415367,-0.019584460947439476,3.715974625373786,3.7160627385942053,0.03390756624586003,0.03395011970973697
1.4293383166606747e-16,0.025819512488428648,0.02773133290625509,0.053657388736364005,0.0,0.0,0.01486877791383913,0.02116059885428347,0.026828694368182006,-0.01486755033864691,0.021158667676401472,-0.0268286943681618,3.7940402620633527,3.794141607397188,0.20458616439850572,0.20485196386147375
3.137019567777429e-16,0.028621985297081803,0.030293633675045346,0.05989917982777616,0.0,0.0,0.016255379163533624,0.02299676238037209,0.029949589913888082,-0.016254847586105348,0.022995562840200923,-0.029949589841986056,3.818597198669023,3.8187173592613726,0.27584243370788025,0.27630140558651234
4.737300454982283e-16,0.0318930152569407,0.03319116969952453,0.06244344555315609,0.0,0.0,0.017847387609521724,0.025030141630885884,0.031221712211430077,-0.017847226489129862,0.025030004860528095,-0.031221722776578052,3.814699771500301,3.8148441646324778,0.3099444463815275,0.3106477276719249
6.254643163895272e-16,0.035549645026237774,0.03654992377153222,0.06561633894552114,0.0,0.0,0.019623055019097835,0.027368466997654755,0.03280809347227738,-0.019623818560578203,0.027368891703912157,-0.03280816947276057,3.802463435350447,3.8026390933277945,0.3308556348921754,0.331867723666006
7.899175226584622e-16,0.03949710482067369,0.04030685216309345,0.06858350314767937,0.0,0.0,0.02153665950793213,0.02997473625448852,0.034291461086690844,-0.021537776557166467,0.02997571840121151,-0.034291751573839686,3.7873183556344183,3.7875328340829864,0.3463941103156689,0.3477768848734893
9.48879491359441e-16,0.043652311246093735,0.04437139009998737,0.07153245582979492,0.0,0.0,0.023550050415045973,0.03278951481076838,0.03576622791489747,-0.023550619327161373,0.03279126710564564,-0.03572824256043238,3.7709978418867287,3.7712588805031366,0.3596452470657289,0.36145447753357657
1.104457550060946e-15,0.04796359336580635,0.04866482244859356,0.0755852510849388,0.0,0.0,0.025638665822510516,0.0357606583830589,0.037792625542469406,-0.02563965800003583,0.035762985663087006,-0.03713550126492495,3.75417790649502,3.7544933104960094,0.37198600605756293,0.3742704187319203
1.2526411689096384e-15,0.05238848660696066,0.053126066136256096,0.07946335101015538,0.0,0.0,0.027781939017081602,0.03884717769041104,0.03973167550507769,-0.027783509575769836,0.03884959889921688,-0.03878629665541245,3.7371662807335273,3.7375438711478397,0.3840768294273391,0.3868780538224699
1.4053801943300233e-15,0.05689415159253466,0.05770940796430442,0.08320603292521143,0.0,0.0,0.02996381648962523,0.04201793559613445,0.04160301646260572,-0.029965077449071613,0.042020143484456485,-0.0406161682843717,3.720119188990585,3.720566778874364,0.39624486590161234,0.3995978052538892
1.5583571236696893e-15,0.061458950868457644,0.06238095357432112,0.08684043309974723,0.0,0.0,0.032173997322319126,0.04524979673311804,0.04342021654987362,-0.03217474678907996,0.04525154435434292,-0.04240081545512347,3.7031224324779,3.7036478144242975,0.4086508881586309,0.4125843041783525
1.7085858906534154e-15,0.06606792166547372,0.0671155129362167,0.09038589644617638,0.0,0.0,0.03440517756575491,0.0485253522348159,0.0451929482230882,-0.034405178281969366,0.04852657307952699,-0.044147234812258615,3.6862260767609696,3.686837015799486,0.4213685477435584,0.42590573791397024
1.856630208966771e-15,0.07070680432379686,0.07189422043321643,0.09385657535436659,0.0,0.0,0.036650991412449443,0.05183161296597376,0.0469282876771833,-0.03665005995290496,0.051832345753969354,-0.045860735154561925,3.669460818699594,3.6701650479104067,0.4344244669868064,0.43958395980283516
2.0018692144958746e-15,0.07536739740525003,0.07670280425835858,0.09726305840856149,0.0,0.0,0.03890694941236795,0.05515874571249298,0.04863152920428075,-0.03890538705052288,0.05515902873298463,-0.04754544101432256,3.652846285541787,3.6536515030825707,0.44781952040377243,0.45361574388006354
2.16691104692091e-15,0.0800421277935734,0.0815303498747428,0.10061342811703144,0.0,0.0,0.04116935993779524,0.05849919751969806,0.05030671405851573,-0.04116759139591066,0.05849904067577954,-0.049823874105921734,3.6363954832274454,3.63730935010863,0.4615405635727147,0.4679844620808013
2.3196232122213757e-15,0.08472548394684014,0.08636841920219075,0.10437772723357235,0.0,0.0,0.043436025067574914,0.06184713505123626,0.05214096103675057,-0.043434067517854724,0.061846543967150266,-0.05218886361678618,3.6201172918693576,3.6211474301286075,0.4755670879426,0.48266667538948516
2.4673435812096497e-15,0.0894116537484146,0.09121042058394527,0.10905125942927785,0.0,0.0,0.045704071092800946,0.06519794429555097,0.054482846155247934,-0.045701847351567716,0.06519693073367884,-0.05452562971463893,3.6040179224352804,3.605171913523378,0.48987507644235706,0.4976359221293022
2.622942918707454e-15,0.0940962381485877,0.09605115456947838,0.11377461039379987,0.0,0.0,0.047970707295734244,0.06854801505404055,0.05688730519689994,-0.04796852318481467,0.06854657779180238,-0.056877870987774935,3.5881017983292964,3.589387181604691,0.5044392637065384,0.512864912357838
2.771514788380428e-15,0.09877588186822392,0.10088648324371244,0.11867648170497419,0.0,0.0,0.050234521067223585,0.07189446690400782,0.0593382408524871,-0.05023254261454611,0.07189260218027145,-0.059326340978771736,3.572372107167435,3.5737963784425637,0.5192344612892894,0.5283267917217097
2.9176199455687327e-15,0.10344759941017226,0.10571308693800573,0.12353242084201774,0.0,0.0,0.05249466486058206,0.07523498130470349,0.06176621042100888,-0.05249284592444647,0.07523269639630087,-0.06175142989659903,3.556831157191857,3.558401767299573,0.5342363221314749,0.5439958505549951
3.0608684534232436e-15,0.10811015593098552,0.11052828328488959,0.12834392055295302,0.0,0.0,0.05475058338457641,0.0785676804544206,0.06417196027647651,-0.054748487465261356,0.07856498984415801,-0.06415391708139437,3.541480614376265,3.5432049677387827,0.5494217628060372,0.5598478973094718
3.208634286943501e-15,0.1127609047431816,0.11532989119162368,0.13311236069987029,0.0,0.0,0.05700088217983991,0.08189105084921044,0.06655618034993516,-0.056998624745694934,0.08188796688590855,-0.06653452706318633,3.5263216645212934,3.5282071177121237,0.5647691746011382,0.5758604273385579
3.353771491455336e-15,0.11739833260411889,0.12011612751220342,0.13783901849556782,0.0,0.0,0.05924458615484695,0.08520385667440643,0.06891950924778392,-0.05924221346508998,0.08520039081028033,-0.06889393360420908,3.5113551268698275,3.513408987163826,0.5802585039022601,0.5920126671060678
3.500455652830377e-15,0.12202186283797686,0.12488552776971315,0.14252507802038572,0.0,0.0,0.061481329444088156,0.08850508286334359,0.07126253901019287,-0.06147890026325084,0.08850124491029912,-0.07123276365320293,3.4965815355607415,3.49881105947015,0.5958712522355154,0.6082855436079951
3.66424331532708e-15,0.12663022031488588,0.1296368847493782,0.14717163897471067,0.0,0.0,0.06371078330615401,0.09179388422504196,0.07358581948735535,-0.06370834886698173,0.09178968733062103,-0.07355160112648494,3.482001199220018,3.4844135910160223,0.611590427963511,0.6246616103510475
3.812013683672778e-15,0.13122213343345812,0.13436920050254952,0.15177972466031578,0.0,0.0,0.06593251699475634,0.09506956901595517,0.0758898623301579,-0.06593008616117554,0.09506502858793184,-0.0758509904672335,3.4676142453513217,3.4702166555716834,0.6274004701522191,0.6411249497541612
3.958220874433502e-15,0.1357972710285173,0.13908164851109844,0.15635028920965338,0.0,0.0,0.06814598844273624,0.09833155462405521,0.0781751446048267,-0.06814364843942726,0.09832669094243156,-0.0781314399585726,3.453420653937605,3.4562201778815234,0.6432871578202278,0.6576610645678445
4.10418725433556e-15,0.14035484731283052,0.14377354361997924,0.16088422409978606,0.0,0.0,0.07035110293468777,0.10157937209522,0.08044211204989304,-0.07034896991805205,0.10157419937897536,-0.08039342478216355,3.439420283240075,3.4424239594518697,0.6592375130530548,0.6742567662342056
4.247357100410308e-15,0.14489443287185672,0.14844431796073185,0.1653823639988591,0.0,0.0,0.07254760336622312,0.10481262664535437,0.08269118199942957,-0.0725455429853317,0.10480715378900182,-0.08263738982471006,3.4256128898579594,3.428827698601349,0.6752397033680466,0.6909000650786319
4.404294618384676e-15,0.14941493979746712,0.15309350153356824,0.16984549199914198,0.0,0.0,0.07473489103188162,0.10803098857760161,0.08492274599957099,-0.07473299373686763,0.10802523253383285,-0.0848637522417216,3.411998144502005,3.4154310062270223,0.69128294667069,0.7075800652455303
4.549318684815641e-15,0.1539162372460059,0.1577207064404765,0.17427434429307162,0.0,0.0,0.07691282446763907,0.11123418851504883,0.08713717214653582,-0.07691117050306989,0.11122815562703556,-0.08707290379210343,3.398575644522793,3.4022334183273784,0.7073574207883259,0.7242868659983303
4.694010604352458e-15,0.15839812182312926,0.1623256140010202,0.17866961434825485,0.0,0.0,0.0790814972342636,0.11442200441865452,0.08933480717412744,-0.07907981456276067,0.11441569709304694,-0.08926521295947018,3.3853449239516746,3.3892344060401296,0.7234541786704483,0.7410114701639534
4.838309214990462e-15,0.16285975825741617,0.16690796416028572,0.18303195663505534,0.0,0.0,0.08124059237536811,0.11759425184653233,0.09151597831752767,-0.08123891008715599,0.11758767740188404,-0.09144102687706275,3.3723054616140207,3.376433383754505,0.739565069754956,0.7577456999622612
4.975024376576832e-15,0.1673016476270739,0.1714675467316163,0.18736198995681275,0.0,0.0,0.08339028788454457,0.12075079162917174,0.09368099497840637,-0.0833885302283053,0.12074395469789677,-0.09360067307321777,3.359456687733629,3.363829715716948,0.7556826676169789,0.7744821201215677
5.122226089440006e-15,0.1717236961520306,0.17600419411736226,0.1916603004284995,0.0,0.0,0.08553025541828624,0.12389149824768098,0.09583015021424976,-0.08552846386381932,0.12388440270551974,-0.09574446105380527,3.346797989345505,3.351422721447418,0.771800203774273,0.7912139679755785
5.268448047452806e-15,0.1761259364841696,0.180517775227428,0.1959274441451197,0.0,0.0,0.0876606878864478,0.1270162759329564,0.09796372207255986,-0.08765886163170403,0.12700893053752205,-0.09787268373715462,3.3343287147599536,3.339211680209241,0.7879115073753226,0.8079350901203753
5.415959291221712e-15,0.18050779926409832,0.18500819037407537,0.20016394957666775,0.0,0.0,0.08978120118792843,0.1301250545528825,0.10008197478833389,-0.08977938231511613,0.13011746765231652,-0.0999856187558743,3.3220481772658386,3.327195834720398,0.8040109504123043,0.8246398851520763
5.558367054067248e-15,0.1848692414097556,0.18947536696674608,0.20437031972218953,0.0,0.0,0.09189184318946081,0.13321778831545042,0.10218515986109478,-0.09189006140722553,0.13320996517119577,-0.10208352963879144,3.3099556582197365,3.315374394252937,0.8200933980597626,0.8413232519861101
5.703401352924848e-15,0.18920999561442428,0.1939192558658662,0.2085470340515009,0.0,0.0,0.0939925586624192,0.13629443427883875,0.10427351702575047,-0.09399084807705817,0.13628638975030336,-0.10416666688501983,3.298050409636452,3.3037465372359818,0.8361541637266592,0.8579805432637168
5.849476859331424e-15,0.19352968242908317,0.1983398282821291,0.21269455025953657,0.0,0.0,0.09608314201485932,0.1393549712701619,0.1063472751297683,-0.09608147857097847,0.13934671725771425,-0.10623526894100437,3.2863316563725897,3.292311413454017,0.8521889684143974,0.8746075233709618
5.990628591807421e-15,0.19782861527582352,0.20273707312941577,0.2168133058550831,0.0,0.0,0.09816367456624722,0.14239939925930842,0.10840665292754156,-0.0981620784776409,0.14239094541223796,-0.10828956309028781,3.2747985979764316,3.281068145913688,0.8681939039895946,0.8912003306238293
6.134205060563366e-15,0.20210652428075343,0.2071109947566569,0.2209037196028114,0.0,0.0,0.10023408943467606,0.14542771926377815,0.11045185980140572,-0.10023272257927081,0.1454190695772479,-0.11032976626473184,3.263450410263145,3.2700158324380912,0.8841654000031528,0.9077554432056709
6.2766163117361634e-15,0.20636358009616673,0.21146161099758543,0.22496619283506644,0.0,0.0,0.102294449784412,0.14843994216557813,0.11248309641753323,-0.10229329345242422,0.14843110164985301,-0.1123560857849978,3.2522862466630693,3.2591535470363224,0.9001001937133283,0.9242696484776091
6.411226674791316e-15,0.2105998503548943,0.21578895148824834,0.22900111064771447,0.0,0.0,0.10434472941786947,0.15143609015503043,0.11450055532385725,-0.1043437244268871,0.15142706384174204,-0.11436872003725722,3.2413052393820427,3.2484803410871796,0.9159953029980131,0.9407400153166431
6.5560123721926974e-15,0.21481509746118854,0.22009305621092265,0.23300884299251054,0.0,0.0,0.10638486029585878,0.1544161905562217,0.11650442149625528,-0.10638399714309156,0.15440698137368775,-0.11639217922435552,3.2305065004056592,3.2379952443688804,0.9318480018688202,0.9571638691690987
6.689734432710534e-15,0.21900939062514815,0.22437397423017924,0.23721112190741295,0.0,0.0,0.10841488466670852,0.15738027520618642,0.11860556095370649,-0.10841415875374105,0.1573708880837533,-0.11850913914939468,3.219889122373723,3.227697265961055,0.9476557983260782,0.9735387695380064
6.825303329958548e-15,0.22318282641025827,0.228631762592597,0.24141888674330028,0.0,0.0,0.11043476040218768,0.16032838056200463,0.12070944337165015,-0.11043427077122595,0.16031882543531067,-0.12061191497480007,3.209452179346641,3.2175853950406808,0.9634164143188425,0.9898624896517013
6.964937174965191e-15,0.22733542700217158,0.23286648536632812,0.24559842771706472,0.0,0.0,0.11244467370457924,0.16326055035020226,0.12279921385853239,-0.11244432441776961,0.1632508311354015,-0.12270066675032386,3.1991947274818218,3.2076586015900053,0.9791277675973443,1.0061329980872264
7.112771786671302e-15,0.2314670708514776,0.2370782128005659,0.24975005911746614,0.0,0.0,0.11444459697960256,0.1661768341226386,0.12487502955873309,-0.11444439295204357,0.16616695494144088,-0.12477555049591074,3.189115805635155,3.1979158370314678,0.9947879552667295,1.0223484421460356
7.252908590330365e-15,0.23557789961833397,0.2412670205881281,0.2538740876377623,0.0,0.0,0.11643452200183399,0.1690772826800954,0.12693704381888116,-0.11643448368659128,0.16906724586415428,-0.1268367183396076,3.1792144359001804,3.1883560348021946,1.0103952388705166,1.038507132801073
7.394809964335006e-15,0.23966820258244687,0.24543298921698575,0.25797081261059923,0.0,0.0,0.11841450118475916,0.17196194956712704,0.12898540630529962,-0.11841468986269837,0.17195175895542184,-0.12888431865441097,3.1694896240955717,3.178978110878632,1.0259480308499553,1.0546075310537326
7.542202430560634e-15,0.24373804983841255,0.2495762033987334,0.2620405262440034,0.0,0.0,0.12038462085145503,0.17483089173010133,0.1310202631220017,-0.12038494319750091,0.17482055106372235,-0.13091849619298626,3.159940360209871,3.169780964260182,1.0414448822415008,1.0706482355565774
7.676526169392409e-15,0.24778741309972613,0.2536967515637968,0.26608351385634627,0.0,0.0,0.12234486185407085,0.1776841672420737,0.13304175692817313,-0.12234526158873434,0.17767368673891096,-0.13293939221948686,3.1505656188110165,3.16076347741935,1.0568844714890269,1.0866279713732498
7.816664368382377e-15,0.25181626341959396,0.2577947254146839,0.27010005410863097,0.0,0.0,0.12429513375836834,0.18052183888408035,0.1350500270543155,-0.12429564595537394,0.18051122869254108,-0.13494714463790827,3.1413643594270755,3.151924516724712,1.0722655942603576,1.1025455797608548
7.96175174795315e-15,0.25582464034721236,0.26187021952984,0.27409041923282457,0.0,0.0,0.12623553750826047,0.183343973094841,0.1370452096164123,-0.12623607413700172,0.1833332372036837,-0.13694188811659397,3.1323355269036064,3.143262932842097,1.0875871541692517,1.1184000088724348
8.097955404485309e-15,0.25981246270335867,0.2659233310117336,0.2780548752552803,0.0,0.0,0.12816609048558583,0.1861506400241447,0.13902743762764017,-0.12816663238043982,0.18613977756993993,-0.13892375420863878,3.1234780517422505,3.1347775611184825,1.1028481543143496,1.1341903052881441
8.233878832060736e-15,0.2637800580347254,0.26995415917368876,0.2820566760077344,0.0,0.0,0.130086876747154,0.1889419065938641,0.14102833800386722,-0.13008745485877748,0.1889309223993071,-0.1409200872017502,3.114790850424494,3.12646722195249,1.1180476895558293,1.1499156062934703
8.365178191156194e-15,0.2677275023139648,0.27396280526073696,0.2860455292504725,0.0,0.0,0.13199792468566798,0.1917178447957828,0.14302276462523625,-0.13199854870022298,0.1917067424924068,-0.14291582486269852,3.1062728257239196,3.1183307211547007,1.1331849394587574,1.1655751328315513
8.499206410530076e-15,0.2716548263251652,0.27794937220040533,0.29000894132808014,0.0,0.0,0.1338992864880253,0.19447852570795943,0.1450044706640401,-0.13389990476982375,0.1944673025360903,-0.14489891154277817,3.097922867009794,3.110366850300585,1.1482591618394955,1.181168183064314
8.632166794790212e-15,0.2755619733689958,0.2819139643798971,0.2939471588102091,0.0,0.0,0.1357908771360211,0.19722401570605191,0.14697357940510458,-0.1357915386236404,0.19721267104774864,-0.14686946768895442,3.089739850544403,3.1025743870783398,1.1632696868580734,1.1966941264840414
8.761518388220041e-15,0.2794491098076174,0.2858566874465934,0.29786042290397924,0.0,0.0,0.1376727597229262,0.19995438669425156,0.14893021145198965,-0.1376734831535135,0.19994292505088515,-0.14882761118758384,3.0817226397761814,3.094952095633633,1.1782159116052915,1.2121523985230434
8.897600360269535e-15,0.2833163358783726,0.2897776481291973,0.3017489696541328,0.0,0.0,0.13954502581170675,0.20266971982901108,0.15087448482706642,-0.13954579615980428,0.20265813448355302,-0.1507734574605931,3.0738700856303662,3.087498726912859,1.1930972951385381,1.2275424956145315
9.028840941050625e-15,0.2871637936220271,0.2936769540771845,0.30561303013486113,0.0,0.0,0.14140771639134606,0.20537008654138178,0.15280651506743057,-0.14140856891037393,0.2053583719731429,-0.15270711955719354,3.0661810267986374,3.080213019006315,1.2079133539249545,1.2428639706626181
9.166739517660692e-15,0.29099140052544636,0.2975547137165192,0.30945283063351137,0.0,0.0,0.14326081729118842,0.208055559726426,0.15472641531675568,-0.1432617732902842,0.20804371602020455,-0.1546287082413366,3.058654290028975,3.0730936974924097,1.2226636576547516,1.258116428883647
9.298473929304533e-15,0.2947991900606586,0.3014110361198454,0.3132685928264321,0.0,0.0,0.14510430862085655,0.2107262101024048,0.15663429641321608,-0.1451054094828317,0.2107142438930307,-0.1565383320751178,3.0512886904167464,3.066139475783837,1.2373478253911638,1.2732995239848826
9.426093335693533e-15,0.2985873079703392,0.3052460308895823,0.31706053394722095,0.0,0.0,0.14693830669481564,0.21338212076798488,0.1585302669736105,-0.14693956446532175,0.21337002710247385,-0.15843609749832252,3.0440830316978897,3.059349055476485,1.2519655220268748,1.2884129546500003
9.552128808950349e-15,0.30235571462749505,0.3090598080525411,0.32082886694765833,0.0,0.0,0.14876282829984377,0.2160233628222567,0.1604144334738292,-0.14876418095140548,0.21601113922900042,-0.16032210890431287,3.0370361065448552,3.0527211267016523,1.2665164550196832,1.3034564613038477
9.685062740062082e-15,0.30610455115253465,0.31285247796484666,0.32457380065161606,0.0,0.0,0.15057793223868596,0.21865001450670735,0.16228690032580803,-0.1505793275128161,0.21863765959774698,-0.16219646871244295,3.030146696865881,3.0462543684820464,1.281000371382849,1.3184298231316662
9.811855354751155e-15,0.3098341245690168,0.31662415122608667,0.32829553990221316,0.0,0.0,0.15238374270843622,0.22126214980092238,0.16414776995110658,-0.15238511851969347,0.22124966044560157,-0.1640592774371783,3.0234135741080346,3.0399474490919007,1.2954170549079114,1.333332855330395
9.947771282422969e-15,0.3135444589836138,0.3203749386017375,0.3319942857025341,0.0,0.0,0.15418023653666663,0.2238598398904067,0.16599714285126707,-0.15418164971338774,0.22384721743058567,-0.1659106337540945,3.016835499564345,3.033799026421447,1.3097663235999222,1.348165406571827
1.0079338661329739e-14,0.31723546968104444,0.3241049509530252,0.3356702353501599,0.0,0.0,0.15596743946604785,0.2264431632979677,0.16783511767507994,-0.15596889337534803,0.22643040904740463,-0.16775063456291794,3.010411224685284,3.0278077483458907,1.324048027306924,1.3629273566593547
1.0206073718618985e-14,0.3209071826778558,0.3278142991734701,0.3393235825658106,0.0,0.0,0.15774532349106657,0.2290121969199183,0.16966179128290532,-0.157746824468358,0.22899931154722705,-0.16957937504776127,3.0041394913947217,3.021972253098947,1.3382620455272156,1.3776186143617555
1.0337170871010813e-14,0.3245597112185144,0.3315030941314538,0.34295451761635254,0.0,0.0,0.1595139376336726,0.23156702045424288,0.1714772588081763,-0.1595155180519295,0.23155400029059456,-0.17139694873469963,2.9980190324104887,3.0162911696509425,1.352408285379495,1.3922391154090512
1.0463250762301433e-14,0.32819326074999455,0.3351714466182137,0.34656322743243834,0.0,0.0,0.16127339048492553,0.2341077070636851,0.1732816137162192,-0.1612750494788842,0.23409455646769217,-0.17320344754682637,2.992048571569533,3.010763118091397,1.3664866797223378,1.4067888206368533
1.0588880310542505e-14,0.33180789394652765,0.33881946730073814,0.35014989572102057,0.0,0.0,0.16302370308220768,0.23663433258001812,0.1750749478605103,-0.16302544930492754,0.23662106076769357,-0.175005783928503,2.9862268241576615,3.005386710015985,1.380497185410717,1.4212677142668824
1.0713087377064845e-14,0.3354037023394011,0.34244726667909064,0.3537147030729868,0.0,0.0,0.16476489236575265,0.23914697177413324,0.17685735153649343,-0.16476675998158763,0.23913358284549543,-0.17683797929776246,2.980552497243776,3.000160548917688,1.3944397816783858,1.4356758023124627
1.0831870966776295e-14,0.33898068209934923,0.34605495504774064,0.3573181587172378,0.0,0.0,0.16649701234229367,0.24164570155289775,0.17862891353306826,-0.16649897473877093,0.2416321954305656,-0.17865907935861894,2.97502429001849,2.995083230581934,1.408314468635959,1.450013111098833
1.0963468170881156e-14,0.3425390549411867,0.3496426424605252,0.3609383251352453,0.0,0.0,0.16822014768078475,0.24413060229146896,0.18038972118186278,-0.16822219086260634,0.24411697297347165,-0.1804691625676227,2.9696408941369667,2.9901533434854772,1.4221212658754252,1.4642796858890033
1.1088444762397535e-14,0.3460789369307515,0.35321043869889995,0.3645366132243052,0.0,0.0,0.1699343538690401,0.24660174273908542,0.18213986040439384,-0.1699364861382674,0.24658799381211646,-0.18226830661215263,2.964400994065759,2.9853694691987345,1.4358602111726557,1.4784755896067403
1.1210366742007989e-14,0.3496003400782382,0.356758453243179,0.36811317683750755,0.0,0.0,0.17163964414696717,0.24905919749839325,0.1838994674462912,-0.1716418460856099,0.24904533336700702,-0.1840565884187538,2.959303267433472,2.9807301827912713,1.449531359280206,1.4926009016489952
1.1329858520292452e-14,0.3531032722916734,0.36028679524648677,0.37166816832364896,0.0,0.0,0.17333597732837808,0.2515030455460516,0.1856717429978715,-0.17333828224979522,0.25148906315520275,-0.1858340841618245,2.9543463853849548,2.9762340532401232,1.4631347808033834,1.5066557167807655
1.1447865492077765e-14,0.35658781167315673,0.3637955735111785,0.3752017385451843,0.0,0.0,0.1750234503095071,0.2539333614166964,0.1874333323061767,-0.17502586565070935,0.2539192606088445,-0.18760086927259217,2.9495290129387817,2.9718796438405697,1.4766705611531605,1.5206401441059865
1.1568354176154973e-14,0.3600540966106348,0.3672848964675065,0.37871403689662886,0.0,0.0,0.17670210858818977,0.2563502181137916,0.18918431061716784,-0.17670462355283137,0.25633600153092917,-0.18935701844831446,2.944849809347714,2.9676655126190368,1.4901387995700537,1.5345543061086169
1.1695779108299106e-14,0.36350227125799106,0.3707548721543318,0.38220521132331725,0.0,0.0,0.17837200065946432,0.25875369549631105,0.19092475240497675,-0.17837460281430872,0.25873936182115087,-0.19110260566165865,2.9403074284618422,2.963590212747718,1.5035396082136,1.5483983377585537
1.1817134292868243e-14,0.3669324013472264,0.3742056082017012,0.38567540834042274,0.0,0.0,0.1800331614333292,0.26114386157413777,0.19265473138488454,-0.18003587633264553,0.2611294147459558,-0.1928377041702114,2.935900519094097,2.9596522929605413,1.5168731113124991,1.5621723856774963
1.1942845816799976e-14,0.3703446472191738,0.3776372118151264,0.38912477305215876,0.0,0.0,0.18168564394637804,0.2635207938603428,0.1943743205261538,-0.18168848154638234,0.26350623599149503,-0.1945623865260794,2.93162772538777,2.9558502979700734,1.5301394443709206,1.5758766073602588
1.2063219153522383e-14,0.3737389906884804,0.3810497897614161,0.39255344917108803,0.0,0.0,0.18332948104960026,0.2658845664633504,0.19608359206469128,-0.18333242612023434,0.2658698937957751,-0.19627672458554404,2.92748768718574,2.95218276888497,1.543338753426817,1.5895111704474325
1.2186870762067005e-14,0.37711552275118365,0.3844434483559285,0.3959615790374782,0.0,0.0,0.18496471688851246,0.2682352518385949,0.19778261751552548,-0.18496775592720416,0.2682204619585884,-0.19798078951873913,2.9234790404010234,2.948648243627558,1.5564711943584633,1.603076252045617
1.2310941086160667e-14,0.3804742384340077,0.3878182934511215,0.39934930363864585,0.0,0.0,0.18659135427762893,0.2705729213903542,0.1994714676850806,-0.1865944885085062,0.27055801684566216,-0.19967465181932295,2.9196004173883146,2.945245257351137,1.5695369322357087,1.6165720380917525
1.243296789000535e-14,0.3838151979225017,0.3911744304262909,0.4027167626282422,0.0,0.0,0.1882094346367483,0.27289764808423095,0.20115021268324107,-0.1882126498615419,0.27288262908719824,-0.20135838131412112,2.9158504473161555,2.9419723428566007,1.5825361407127445,1.6299987227583796
1.2555142540787163e-14,0.3871386245205568,0.3945119641783957,0.4060640943454359,0.0,0.0,0.18981904165744415,0.27520950300410046,0.20281892193519,-0.18982233434751905,0.27519437049749224,-0.20303204717271797,2.912227756539359,2.938828031007967,1.5954690014594282,1.6433565078968861
1.2677655094203106e-14,0.39044460059663,0.39783099911387887,0.4093914358339585,0.0,0.0,0.1914202118950944,0.2775085574864819,0.20447766419301971,-0.19142358254739514,0.27749331370535507,-0.20469571791697927,2.9087309689713536,2.9358108511464045,1.6083357036284343,1.6566456025160492
1.2791917986199123e-14,0.39373306302239763,0.40113163914140304,0.41269892286097654,0.0,0.0,0.1930129729165208,0.27979488408352027,0.20612650754710563,-0.19301636961141014,0.2797795285187952,-0.2063494614304883,2.9053587064560653,2.932919331502373,1.6211364433557403,1.6698662222933982
1.2905885533153608e-14,0.3970042249705046,0.4044139876654199,0.41598668993576454,0.0,0.0,0.19459740015256735,0.2820685544166454,0.20776551943724095,-0.19460080863267767,0.28205308600389983,-0.2079933449678823,2.9021095891389828,2.9301519996054615,1.63387142329212,1.6830185891170937
1.3021530267855755e-14,0.4002581441301477,0.4076781475805113,0.41925487032815784,0.0,0.0,0.1961734849852176,0.2843296385569836,0.2093947666635278,-0.19617691439383733,0.2843140570901698,-0.20962743516407895,2.89898223583707,2.927507382691558,1.646540852163521,1.6961029306562256
1.313971078392236e-14,0.40349483581301165,0.41092422126643274,0.4225055521510789,0.0,0.0,0.19774126655977137,0.28657820679934864,0.21101431539702628,-0.19774469519273527,0.2865625134601843,-0.21125277607553947,2.8959752644071433,2.924984008106958,1.6591449443583424,1.7091194799575784
1.3257761999325114e-14,0.4067144428731838,0.4141523105838048,0.4257422307278642,0.0,0.0,0.19930080418194074,0.28881433124501277,0.21262423119015927,-0.19930420462418996,0.28879852300520426,-0.21287111536393213,2.8930872921123925,2.922580403709045,1.6716839195398143,1.7220684750670563
1.3374058876808927e-14,0.40991698926333486,0.41736251687039966,0.4289598236246729,0.0,0.0,0.20085212062805208,0.2910380816581882,0.2142245789868741,-0.20085547093952066,0.2910221554907977,-0.21447991181233647,2.8903169359867036,2.920295098263182,1.6841580022817666,1.7349501586741178
1.3484085486038954e-14,0.41310261607723586,0.420554940937973,0.43215845637112094,0.0,0.0,0.20239525328217933,0.29324952614801064,0.21581542313256344,-0.20239857512796022,0.29323348445262976,-0.2160792281855605,2.8876628131964335,2.918126621835468,1.6965674217262519,1.7477647777776675
1.3595247196960098e-14,0.4162714422274645,0.4237296830695992,0.43533825342480914,0.0,0.0,0.2039302718226099,0.2954487330162379,0.2173968273837469,-0.2039335697027748,0.2954325770933772,-0.2176691267124046,2.885123541399324,2.9160735061810152,1.7089124112615683,1.7605125833719926
1.3701630306503556e-14,0.41942361238110165,0.4268868430174668,0.4384993381850884,0.0,0.0,0.20545721763550115,0.2976357712086866,0.21896885491751703,-0.2054604877440738,0.29761950287455624,-0.21924966909254426,2.8826977391002484,2.914134285127421,1.72119320821935,1.7731938301514163
